K_nirL:
 [[638.90606689   0.         632.70062256]
 [  0.         638.90606689 163.07611084]
 [  0.           0.           1.        ]]
R_nirL:
 [[1 0 0]
 [0 1 0]
 [0 0 1]]
T_nirL:
 [[0]
 [0]
 [0]]
K_nirR:
 [[638.90606689   0.         632.70062256]
 [  0.         638.90606689 163.07611084]
 [  0.           0.           1.        ]]
R_nirR:
 [[1 0 0]
 [0 1 0]
 [0 0 1]]
T_nirR:
 [[-50.25276169]
 [  0.        ]
 [  0.        ]]
K_rgbL:
 [[764.51387058   0.         579.54701233]
 [  0.         764.51387058 153.00541306]
 [  0.           0.           1.        ]]
R_rgbL:
 [[1 0 0]
 [0 1 0]
 [0 0 1]]
T_rgbL:
 [[0]
 [0]
 [0]]
K_rgbR:
 [[764.51387058   0.         579.54701233]
 [  0.         764.51387058 153.00541306]
 [  0.           0.           1.        ]]
R_rgbR:
 [[1 0 0]
 [0 1 0]
 [0 0 1]]
T_rgbR:
 [[-299.18420531]
 [   0.        ]
 [   0.        ]]
R_nir2rgb:
 [[ 0.999963   -0.00479652  0.00714131]
 [ 0.00473284  0.99994913  0.00890767]
 [-0.00718367 -0.00887354  0.99993483]]
T_nir2rgb:
 [[53.8984183 ]
 [ 1.5663741 ]
 [22.51569933]]
K_thrL:
 [[387.78695052   0.         300.82013702]
 [  0.         387.78695052 151.62576294]
 [  0.           0.           1.        ]]
R_thrL:
 [[1 0 0]
 [0 1 0]
 [0 0 1]]
T_thrL:
 [[0]
 [0]
 [0]]
K_thrR:
 [[387.78695052   0.         300.82013702]
 [  0.         387.78695052 151.62576294]
 [  0.           0.           1.        ]]
R_thrR:
 [[1 0 0]
 [0 1 0]
 [0 0 1]]
T_thrR:
 [[-303.89951424]
 [   0.        ]
 [   0.        ]]
R_nir2thr:
 [[ 0.99997306  0.00532102  0.0050567 ]
 [-0.00441541  0.98632901 -0.16472884]
 [-0.0058641   0.16470207  0.98632593]]
T_nir2thr:
 [[ 65.32481066]
 [326.85614226]
 [590.69386997]]
R_nir2imu:
 [[ 0.00135816 -0.00658263 -0.99997741]
 [-0.99993505 -0.01132432 -0.00128355]
 [-0.01131562  0.99991421 -0.00659758]]
T_nir2imu:
 [[-38.53613]
 [137.85234]
 [-20.53421]]
R_nir2lidarL:
 [[-0.02167482  0.20628945  0.97825092]
 [-0.99976354 -0.00276078 -0.02156929]
 [-0.00174878 -0.97848712  0.20630051]]
T_nir2lidarL:
 [[ 657.38914173]
 [-515.75791065]
 [-310.94136173]]
R_nir2lidarR:
 [[ 0.0503833   0.25681057  0.96514758]
 [-0.99872678  0.01051917  0.04933724]
 [ 0.00251778 -0.96640451  0.25701358]]
T_nir2lidarR:
 [[ 640.9638443 ]
 [ 630.66268493]
 [-301.80802153]]
